,Defs M1,Defs M2,Defs M3,Defs M4,Defs M5,Defs M6,Defs M7,Defs M8,Defs M9,Defs M10,Defs M11,Defs M12,Defs M13,Defs M14,Defs M15,Defs M16,Defs M17,Defs M18,Defs M19,Defs M20,Defs M21,Defs M22,Defs M23,Defs M24,Defs M25,Defs M26,Defs M27,Defs M28,Defs M29,Defs M30,Defs M31,Defs M32,Defs M33,Defs M34,Defs M35,Defs M36
0,0,0,0,0,0,0,0,0,0,0,0,0,0,0,0.0,0.0,0.0,0.0,0.0,0.0,0.0,0.0,0.0,0.0,0.0,0.0,0.0,0.0,0.0,0.0,0.0,0.0,0.0,0.0,0.0,0.0
1,0,0,0,0,2,2,2,2,2,2,3,3,4,4,5.0,5.0,5.0,6.0,6.0,6.0,6.0,6.0,6.0,6.0,6.0,6.0,6.0,6.0,6.0,6.0,6.0,6.0,6.0,6.0,6.0,6.0
2,0,0,0,0,0,0,0,0,0,1,3,4,4,4,5.0,5.0,5.0,5.0,6.0,6.0,6.0,6.0,6.0,6.0,6.0,7.0,7.0,7.0,7.0,7.0,8.0,8.0,8.0,8.0,8.0,8.0
3,0,0,0,0,0,0,0,1,1,1,1,1,1,1,1.0,1.0,2.0,2.0,2.0,2.0,2.0,2.0,3.0,3.0,3.0,3.0,3.0,3.0,4.0,4.0,5.0,5.0,5.0,5.0,5.0,5.0
4,0,0,0,0,0,0,0,0,1,1,3,3,4,4,5.0,7.0,8.0,9.0,9.0,9.0,9.0,9.0,9.0,9.0,9.0,9.0,10.0,10.0,10.0,11.0,11.0,11.0,11.0,11.0,12.0,12.0
5,0,0,0,0,0,0,1,3,3,3,3,3,3,3,3.0,3.0,3.0,3.0,3.0,3.0,3.0,4.0,5.0,6.0,6.0,6.0,6.0,6.0,6.0,6.0,6.0,6.0,6.0,6.0,6.0,
6,0,0,0,1,1,1,1,1,1,1,1,1,1,3,3.0,3.0,4.0,4.0,6.0,7.0,7.0,7.0,7.0,8.0,8.0,9.0,10.0,10.0,10.0,10.0,10.0,11.0,11.0,11.0,,
7,0,0,0,1,2,2,2,2,3,4,4,4,4,6,6.0,7.0,7.0,7.0,7.0,7.0,7.0,7.0,7.0,7.0,7.0,8.0,9.0,9.0,10.0,10.0,10.0,10.0,10.0,,,
8,0,0,0,0,0,0,0,0,0,0,0,1,1,1,2.0,2.0,2.0,2.0,2.0,2.0,3.0,3.0,4.0,4.0,4.0,4.0,4.0,4.0,4.0,4.0,5.0,5.0,,,,
9,0,0,0,1,1,1,1,1,1,1,1,1,1,1,1.0,1.0,1.0,1.0,1.0,1.0,1.0,1.0,1.0,1.0,2.0,2.0,2.0,2.0,2.0,2.0,2.0,,,,,
10,0,0,0,0,0,0,1,1,1,1,2,3,4,6,6.0,6.0,6.0,6.0,6.0,6.0,6.0,6.0,6.0,6.0,6.0,6.0,6.0,6.0,6.0,6.0,,,,,,
11,0,0,0,0,0,0,0,0,0,1,1,1,1,1,1.0,1.0,1.0,1.0,1.0,1.0,4.0,4.0,4.0,4.0,4.0,4.0,4.0,4.0,4.0,,,,,,,
12,0,0,0,1,1,1,2,2,2,3,3,3,5,5,5.0,5.0,5.0,5.0,5.0,5.0,5.0,5.0,5.0,5.0,5.0,5.0,5.0,5.0,,,,,,,,
13,0,0,0,0,0,0,0,0,1,1,1,1,1,1,2.0,3.0,3.0,5.0,5.0,5.0,5.0,5.0,5.0,5.0,5.0,5.0,5.0,,,,,,,,,
14,0,0,0,0,0,0,0,0,0,1,1,2,2,3,4.0,4.0,4.0,5.0,7.0,8.0,8.0,8.0,8.0,8.0,9.0,9.0,,,,,,,,,,
15,0,0,0,0,0,0,0,1,1,1,1,1,1,1,1.0,3.0,3.0,3.0,4.0,4.0,5.0,5.0,5.0,5.0,5.0,,,,,,,,,,,
16,0,0,0,0,0,1,1,1,2,2,2,2,2,2,2.0,3.0,4.0,4.0,4.0,4.0,4.0,4.0,4.0,4.0,,,,,,,,,,,,
17,0,0,1,1,1,2,2,2,2,3,5,6,7,8,9.0,9.0,9.0,9.0,10.0,10.0,10.0,10.0,11.0,,,,,,,,,,,,,
18,0,0,0,0,0,1,1,1,1,1,1,1,1,1,1.0,1.0,1.0,1.0,1.0,3.0,3.0,3.0,,,,,,,,,,,,,,
19,0,0,0,0,0,0,0,1,2,2,3,3,5,5,6.0,7.0,7.0,7.0,7.0,7.0,7.0,,,,,,,,,,,,,,,
20,0,0,0,0,0,0,0,1,1,1,1,1,1,2,3.0,3.0,3.0,3.0,4.0,5.0,,,,,,,,,,,,,,,,
21,0,0,0,0,0,0,0,0,0,1,2,3,4,4,5.0,6.0,7.0,7.0,7.0,,,,,,,,,,,,,,,,,
22,0,0,0,0,0,0,0,0,1,1,1,2,2,2,2.0,2.0,2.0,2.0,,,,,,,,,,,,,,,,,,
23,0,0,0,0,1,1,1,2,4,4,6,6,7,7,7.0,8.0,8.0,,,,,,,,,,,,,,,,,,,
24,0,0,0,0,0,1,1,2,3,3,4,4,4,4,4.0,4.0,,,,,,,,,,,,,,,,,,,,
25,0,0,0,2,2,2,3,5,5,6,6,7,7,7,7.0,,,,,,,,,,,,,,,,,,,,,
26,0,0,0,0,0,0,0,0,0,0,0,0,0,0,,,,,,,,,,,,,,,,,,,,,,
